move,waitedResult,optionChosen,movementTime,pauseTime,timeRunning
1,0,0,6.774689,0.000000,6.781799
2,1,2,2.475098,0.000000,10.695510
3,2,1,2.625488,0.000000,14.726000
4,1,2,0.921005,0.000000,17.285110
5,1,0,1.036804,0.000000,19.727010
6,2,1,1.036591,0.000000,22.152100
7,0,2,0.685501,0.000000,24.476900
8,1,0,2.307907,0.000000,28.189800
9,2,1,1.120499,0.000000,30.698810
10,0,2,0.334198,0.000000,32.672100
11,1,0,1.454498,0.000000,35.532100
12,2,1,0.920090,0.000000,37.840500
13,0,1,1.488403,0.000000,40.967910
14,1,0,0.384598,0.000000,42.991610
15,2,2,1.722504,0.000000,46.102510
16,0,1,2.475204,0.000000,50.033000
17,1,0,0.836090,0.000000,52.508300
18,2,2,1.772705,0.000000,55.669310
19,0,0,3.126190,0.000000,60.250700
20,1,1,1.170395,0.000000,62.861100
21,2,2,1.990204,0.000000,66.273210
22,0,0,1.738495,0.000000,69.466600
23,1,1,0.969788,0.000000,71.874800
24,2,2,1.303894,0.000000,74.600600
25,0,0,1.670807,0.000000,77.727710
26,1,1,1.303802,0.000000,80.471300
27,2,2,1.169525,0.000000,83.063220
28,1,0,1.522705,0.000000,86.041400
29,1,1,1.873199,0.000000,89.302720
30,2,2,0.901794,0.000000,91.627210
31,0,0,2.942505,0.000000,96.026020
32,1,1,0.802002,0.000000,98.267010
33,2,2,0.633911,0.000000,100.323400
34,0,0,1.754883,0.000000,103.535700
35,1,1,0.752502,0.000000,105.727000
36,2,2,0.703095,0.000000,107.851200
37,1,0,2.023193,0.000000,111.329300
38,1,1,0.736298,0.000000,113.453700
39,2,0,1.388214,0.000000,116.263700
40,0,1,2.341217,0.000000,119.993200
41,1,0,0.619080,0.000000,122.251700
42,2,2,1.805603,0.000000,125.445100
43,0,0,1.806396,0.000000,128.706800
44,1,1,0.752411,0.000000,130.914700
45,2,2,0.903381,0.000000,133.240100
46,0,0,1.539307,0.000000,136.233500
47,1,1,0.584992,0.000000,138.256700
48,2,2,0.752197,0.000000,140.430500
49,1,0,1.471588,0.000000,143.358200
50,1,1,1.452820,0.000000,146.200500
51,2,2,0.635315,0.000000,148.259000
52,1,0,1.320709,0.000000,151.034800
53,1,1,0.701996,0.000000,153.125600
54,2,2,0.602417,0.000000,155.149200
55,0,0,0.868591,0.000000,157.473500
56,1,1,0.550995,0.000000,159.480300
57,2,2,1.003326,0.000000,161.906400
58,0,1,0.836304,0.000000,164.197800
59,1,0,0.266693,0.000000,166.104800
60,2,1,0.752502,0.000000,168.245100
61,0,0,2.007904,0.000000,171.891800
62,1,1,0.651703,0.000000,173.981600
63,2,2,1.068909,0.000000,176.473100
64,0,0,1.404907,0.000000,179.334200
65,1,1,0.753113,0.000000,181.525000
66,2,2,0.568115,0.000000,183.514900
67,0,0,1.420074,0.000000,186.391200
68,1,1,0.634186,0.000000,188.464900
69,2,2,0.669891,0.000000,190.557800
70,0,1,1.958099,0.000000,193.969400
71,1,0,0.467804,0.000000,196.074900
72,2,1,1.137512,0.000000,198.601200
73,0,2,0.217804,0.000000,200.458800
74,1,0,2.275482,0.000000,204.137900
75,2,1,0.885803,0.000000,206.411700
76,1,0,1.187408,0.000000,209.238500
77,1,1,0.786499,0.000000,211.413600
78,2,2,0.852600,0.000000,213.687800
79,1,0,2.240997,0.000000,217.383600
80,1,1,1.404999,0.000000,220.177100
81,2,2,2.441406,0.000000,224.040200
82,0,0,1.990021,0.000000,227.485600
83,1,1,1.820709,0.000000,230.746100
84,2,2,1.153900,0.000000,233.322300
85,1,0,1.672089,0.000000,236.450400
86,1,1,0.820007,0.000000,238.658000
87,2,2,0.886597,0.000000,240.966200
88,1,0,0.986115,0.000000,243.408000
89,1,1,1.890106,0.000000,246.685800
90,2,2,1.890015,0.000000,249.997900
91,0,0,1.452820,0.000000,252.906800
92,1,1,0.868713,0.000000,255.215700
93,2,2,1.052795,0.000000,257.691700
94,0,0,1.421204,0.000000,260.568100
95,1,1,1.538300,0.000000,263.545200
96,2,2,1.503693,0.000000,266.471500
97,0,1,1.756897,0.000000,269.684100
98,1,1,1.405090,0.000000,272.727500
99,2,2,1.069305,0.000000,275.219300
100,0,0,1.639893,0.000000,278.313700
101,1,1,0.752686,0.000000,280.521900
102,2,2,1.220215,0.000000,283.162700
103,0,0,1.688812,0.000000,286.307600
104,1,1,1.621582,0.000000,289.368000
105,2,2,1.138000,0.000000,291.927800
106,0,0,1.554871,0.000000,294.937900
107,1,1,0.834198,0.000000,297.212000
108,2,2,1.388397,0.000000,300.022800
109,0,0,1.621704,0.000000,303.099800
110,1,1,0.901581,0.000000,305.457300
111,2,2,1.388611,0.000000,308.268100
112,0,0,1.102905,0.000000,310.826400
113,1,1,1.320496,0.000000,313.602700
114,2,2,1.136993,0.000000,316.162300
115,0,0,2.040009,0.000000,319.657600
116,1,1,1.138916,0.000000,322.251400
117,2,2,1.120667,0.000000,324.792200
118,0,0,1.470825,0.000000,327.718800
119,1,1,0.836914,0.000000,329.995200
120,2,2,0.767883,0.000000,332.185000
121,0,0,1.104492,0.000000,334.744300
122,1,2,1.337097,0.000000,337.519500
123,2,2,1.871460,0.000000,340.798800
124,1,0,1.404663,0.000000,343.658600
125,1,1,0.818359,0.000000,345.865200
126,2,0,1.671448,0.000000,348.959400
127,0,0,2.108704,0.000000,352.457100
128,1,1,0.802185,0.000000,354.696500
129,2,2,1.572327,0.000000,357.690800
130,0,0,1.505188,0.000000,360.651100
131,1,1,0.801636,0.000000,362.891300
132,2,2,1.354126,0.000000,365.667900
133,1,0,1.988708,0.000000,369.113800
134,1,1,0.868774,0.000000,371.371500
135,2,0,2.341797,0.000000,375.135000
136,0,0,2.491272,0.000000,379.015400
137,1,1,0.869995,0.000000,381.323600
138,2,2,1.805908,0.000000,384.551400
139,0,0,2.339294,0.000000,388.347100
140,1,1,0.986816,0.000000,390.773400
141,2,2,1.654602,0.000000,393.849600
142,0,0,1.169189,0.000000,396.475300
143,1,1,1.136780,0.000000,399.053000
144,2,2,1.890930,0.000000,402.364800
145,1,0,1.772461,0.000000,405.591700
146,1,1,0.720032,0.000000,407.699500
147,2,0,1.520264,0.000000,410.642300
148,1,0,1.456299,0.000000,413.486100
149,1,1,0.719482,0.000000,415.593200
150,2,0,1.439392,0.000000,418.454500
151,1,0,1.437378,0.000000,421.279800
152,1,1,0.735962,0.000000,423.403600
153,2,0,1.187378,0.000000,426.012800
154,1,0,1.372192,0.000000,428.773800
155,1,1,0.651794,0.000000,430.812900
156,2,0,1.087830,0.000000,433.323000
157,0,0,1.203003,0.000000,435.913300
158,1,1,1.487976,0.000000,438.841200
159,2,2,0.735901,0.000000,440.998700
160,1,1,1.905701,0.000000,444.359500
161,1,0,0.735169,0.000000,446.517000
162,2,1,0.518921,0.000000,448.425000
163,1,1,0.701233,0.000000,450.765200
164,1,0,1.187195,0.000000,453.375100
165,2,1,0.433960,0.000000,455.197600
166,0,1,0.552795,0.000000,457.390200
167,1,0,0.618103,0.000000,459.647800
168,2,1,0.468018,0.000000,461.503400
169,1,0,0.284180,0.000000,463.427200
170,1,1,0.450562,0.000000,465.266700
171,2,0,1.254395,0.000000,467.942900
172,1,0,1.371399,0.000000,470.702800
173,1,1,0.701294,0.000000,472.792200
174,2,0,0.818604,0.000000,475.033500
175,0,2,2.776489,0.000000,479.199300
176,1,0,0.835999,0.000000,481.440600
177,2,1,0.417725,0.000000,483.246100
178,0,1,0.585388,0.000000,485.470700
179,1,0,0.450317,0.000000,487.560800
180,2,1,0.452148,0.000000,489.401600
181,0,0,1.387390,0.000000,492.428400
182,1,1,1.170532,0.000000,495.037300
183,2,2,1.202881,0.000000,497.662700
184,0,1,0.969299,0.000000,500.088300
185,1,1,0.836609,0.000000,502.564300
186,2,0,0.970825,0.000000,504.956900
187,0,0,2.760376,0.000000,509.105500
188,1,1,0.585571,0.000000,511.127100
189,2,2,1.387695,0.000000,513.937100
190,0,1,1.754395,0.000000,517.147300
191,1,1,0.601379,0.000000,519.389300
192,2,0,1.136047,0.000000,521.948400
193,0,1,1.270935,0.000000,524.607600
194,1,1,0.300964,0.000000,526.547700
195,2,0,0.585144,0.000000,528.554800
196,0,0,0.820190,0.000000,530.763700
197,1,1,0.718994,0.000000,532.919900
198,2,2,1.354797,0.000000,535.696500
199,0,1,0.987122,0.000000,538.138300
200,1,1,0.318543,0.000000,540.095200
201,2,0,1.938599,0.000000,543.455900
202,1,1,0.819092,0.000000,545.664700
203,1,0,0.869690,0.000000,547.956600
204,2,1,0.468079,0.000000,549.812600
205,0,1,0.299805,0.000000,551.752700
206,1,1,0.149719,0.000000,553.541500
207,2,0,0.736023,0.000000,555.699600
208,0,0,1.103394,0.000000,558.191600
209,1,1,2.507874,0.000000,562.138500
210,2,1,1.320801,0.000000,564.881500
211,0,1,0.667786,0.000000,567.189400
212,1,1,0.200256,0.000000,569.028900
213,2,0,1.103516,0.000000,571.555100
214,0,1,0.804504,0.000000,573.748000
215,1,1,0.870728,0.000000,576.256100
216,2,0,0.719910,0.000000,578.396100
217,0,1,0.601685,0.000000,580.385800
218,1,0,0.250671,0.000000,582.275900
219,2,1,0.601746,0.000000,584.266700
220,0,0,0.468079,0.000000,586.374000
221,1,1,0.669373,0.000000,588.497700
222,2,2,0.702148,0.000000,590.621800
223,0,1,0.603088,0.000000,592.681000
224,1,0,0.218445,0.000000,594.535500
225,2,1,0.535523,0.000000,596.458800
226,1,2,0.182922,0.000000,598.281200
227,1,1,0.501221,0.000000,600.188800
228,2,0,1.505737,0.000000,603.114900
229,0,1,1.673218,0.000000,606.177200
230,1,1,0.969482,0.000000,608.785600
231,2,0,1.020081,0.000000,611.226900
232,0,1,0.518372,0.000000,613.133700
233,1,1,1.236206,0.000000,616.010200
234,2,0,0.669556,0.000000,618.102200
235,0,1,0.433838,0.000000,619.923200
236,1,1,0.517395,0.000000,622.081700
237,2,0,0.702210,0.000000,624.205800
238,0,0,1.557617,0.000000,627.151200
239,1,1,0.451477,0.000000,629.039500
240,2,2,0.835938,0.000000,631.297300
241,0,1,0.618103,0.000000,633.371200
242,1,1,0.217407,0.000000,635.228000
243,2,0,1.555847,0.000000,638.205000
244,1,0,1.136963,0.000000,640.730200
245,1,1,0.351807,0.000000,642.469600
246,2,0,0.786316,0.000000,644.677600
247,0,1,1.674316,0.000000,647.738900
248,1,1,0.385071,0.000000,649.762100
249,2,0,1.404358,0.000000,652.588300
250,1,1,1.302917,0.000000,655.279900
251,1,2,0.771118,0.000000,657.473700
252,2,1,0.467407,0.000000,659.345700
253,0,0,0.903381,0.000000,661.887700
254,1,1,0.633972,0.000000,663.960600
255,2,2,0.753052,0.000000,666.135900
256,0,1,0.734863,0.000000,668.326200
257,1,1,0.418030,0.000000,670.384100
258,2,0,1.319397,0.000000,673.126900
259,0,1,0.668823,0.000000,675.184300
260,1,1,0.250122,0.000000,677.073600
261,2,0,0.502808,0.000000,678.997800
262,0,0,0.937683,0.000000,681.323400
263,1,1,0.486572,0.000000,683.246800
264,2,2,0.751892,0.000000,685.419700
265,1,1,0.818970,0.000000,687.693500
266,1,0,1.085571,0.000000,690.203200
267,2,1,0.634583,0.000000,692.227000
268,0,1,0.418884,0.000000,694.286900
269,1,1,0.049683,0.000000,695.972900
270,2,0,1.671692,0.000000,699.067100
271,0,1,0.552856,0.000000,701.007900
272,1,1,0.602966,0.000000,703.249100
273,2,1,0.349731,0.000000,705.021600
274,1,2,0.166809,0.000000,706.829100
275,1,1,0.432556,0.000000,708.666900
276,2,0,0.601685,0.000000,710.691500
277,0,1,0.534607,0.000000,712.614300
278,1,1,0.100403,0.000000,714.355100
279,2,0,2.090881,0.000000,717.866900
280,0,1,0.716797,0.000000,719.973000
281,1,1,0.751770,0.000000,722.365800
282,2,2,0.785950,0.000000,724.573600
283,0,1,0.852661,0.000000,726.881500
284,1,1,0.284302,0.000000,728.821400
285,2,1,1.104309,0.000000,731.347600
286,0,0,0.434326,0.000000,733.420700
287,1,1,0.517090,0.000000,735.377900
288,2,2,1.606567,0.000000,738.406400
289,0,1,0.467712,0.000000,740.327600
290,1,1,0.165710,0.000000,742.133800
291,2,0,0.684204,0.000000,744.242200
292,0,1,0.602478,0.000000,746.232700
293,1,1,0.201294,0.000000,748.072500
294,2,0,0.516968,0.000000,750.012300
295,0,0,0.367615,0.000000,751.768700
296,1,1,0.451416,0.000000,753.658400
297,2,2,0.872009,0.000000,755.951800
298,0,1,0.434631,0.000000,757.839100
299,1,1,0.032776,0.000000,759.512100
300,2,0,0.852600,0.000000,761.786600
301,0,1,0.535156,0.000000,763.710300
302,1,1,0.200195,0.000000,765.549900
303,2,0,0.667786,0.000000,767.640700
304,0,0,0.936279,0.000000,769.965700
305,1,1,1.220337,0.000000,772.623700
306,2,0,3.980408,0.000000,778.027100
307,0,2,0.835693,0.000000,780.251100
308,1,1,0.400208,0.000000,782.057000
309,2,0,0.753540,0.000000,784.232900
310,0,0,0.485718,0.000000,786.105300
311,1,1,1.438477,0.000000,788.981600
312,2,2,1.522949,0.000000,791.926500
313,1,1,0.534607,0.000000,793.915500
314,1,0,1.003418,0.000000,796.341600
315,2,1,0.586914,0.000000,798.315900
316,0,1,0.183594,0.000000,800.137600
317,1,0,0.167908,0.000000,801.944200
318,2,1,1.570801,0.000000,804.904100
319,1,1,0.351379,0.000000,806.894500
320,1,0,0.535645,0.000000,808.851800
321,2,1,0.501892,0.000000,810.741300
322,0,1,0.367432,0.000000,812.748300
323,1,1,0.015259,0.000000,814.403100
324,2,0,1.053284,0.000000,816.879300
325,0,1,0.450317,0.000000,818.719200
326,1,1,1.638977,0.000000,821.997200
327,2,2,1.070068,0.000000,824.489700
328,0,0,1.069458,0.000000,827.014800
329,1,1,0.901550,0.000000,829.355700
330,2,2,1.304810,0.000000,832.083100
331,1,1,0.734985,0.000000,834.272800
332,1,0,0.919556,0.000000,836.614900
333,2,1,0.668335,0.000000,838.671900
334,0,1,0.434937,0.000000,840.746600
335,1,0,2.878174,0.000000,1004.419000
336,2,0,2.993652,0.000000,1008.800000
337,0,0,0.918823,0.000000,1011.108000
338,1,1,1.220093,0.000000,1013.767000
339,2,2,0.651733,0.000000,1015.841000
340,0,0,1.822632,0.000000,1019.119000
341,1,1,0.601563,0.000000,1021.160000
342,2,2,0.719238,0.000000,1023.301000
343,0,1,1.553589,0.000000,1026.311000
344,1,0,0.333862,0.000000,1028.284000
345,2,1,0.518433,0.000000,1030.191000
346,1,1,1.958008,0.000000,1033.789000
347,1,0,1.772461,0.000000,1036.982000
348,2,1,0.434448,0.000000,1038.805000
349,1,0,0.651733,0.000000,1041.096000
350,1,1,0.485352,0.000000,1042.970000
351,2,0,0.685303,0.000000,1045.077000
352,0,0,0.969360,0.000000,1047.435000
353,1,1,0.568604,0.000000,1049.443000
354,2,2,2.106567,0.000000,1052.971000
355,0,1,1.371582,0.000000,1055.798000
356,1,1,0.167725,0.000000,1057.605000
357,2,0,0.817871,0.000000,1059.845000
358,0,0,0.885864,0.000000,1062.120000
359,1,1,0.534790,0.000000,1064.094000
360,2,2,0.535034,0.000000,1066.050000
361,0,0,1.956909,0.000000,1069.462000
362,1,1,0.468018,0.000000,1071.369000
363,2,2,0.685181,0.000000,1073.476000
364,1,1,0.768799,0.000000,1075.700000
365,1,0,0.936523,0.000000,1078.059000
366,2,1,0.551270,0.000000,1079.999000
367,0,0,0.669678,0.000000,1082.307000
368,1,1,0.585449,0.000000,1084.331000
369,2,2,0.334351,0.000000,1086.087000
370,0,0,0.684815,0.000000,1088.227000
371,1,1,0.283691,0.000000,1089.950000
372,2,2,0.284058,0.000000,1091.657000
373,1,0,1.087402,0.000000,1094.199000
374,1,1,0.468994,0.000000,1096.056000
375,2,0,0.401001,0.000000,1097.878000
376,0,0,0.685303,0.000000,1099.953000
377,1,1,0.300415,0.000000,1101.691000
378,2,2,0.216553,0.000000,1103.330000
379,0,1,0.718384,0.000000,1105.504000
380,1,1,0.234009,0.000000,1107.378000
381,2,0,0.434082,0.000000,1109.234000
382,1,0,0.819702,0.000000,1111.443000
383,1,1,1.236938,0.000000,1114.068000
384,2,0,0.568115,0.000000,1116.058000
385,0,0,1.371216,0.000000,1118.818000
386,1,1,0.317017,0.000000,1120.591000
387,2,2,0.200440,0.000000,1122.213000
388,0,1,0.802368,0.000000,1124.471000
389,1,1,0.552734,0.000000,1126.663000
390,2,0,0.434815,0.000000,1128.519000
391,0,0,1.287231,0.000000,1131.195000
392,1,1,1.270874,0.000000,1133.904000
393,2,2,0.217041,0.000000,1135.544000
394,0,1,0.887329,0.000000,1137.885000
395,1,1,0.134033,0.000000,1139.659000
396,2,0,0.585083,0.000000,1141.665000
397,0,0,1.655640,0.000000,1144.709000
398,1,1,0.317871,0.000000,1146.465000
399,2,2,0.150147,0.000000,1148.037000
400,0,1,0.852539,0.000000,1150.345000
401,1,1,0.167725,0.000000,1152.152000
402,2,0,0.350586,0.000000,1153.924000
403,0,0,0.502319,0.000000,1155.814000
404,1,2,0.516480,0.000000,1157.770000
405,2,1,0.852905,0.000000,1160.029000
406,0,0,0.651978,0.000000,1162.320000
407,1,1,0.385254,0.000000,1164.144000
408,2,0,1.973389,0.000000,1167.538000
409,0,0,0.685059,0.000000,1169.612000
410,1,1,0.301025,0.000000,1171.352000
411,2,2,0.284058,0.000000,1173.057000
412,0,1,0.402344,0.000000,1174.915000
413,1,1,1.070313,0.000000,1177.624000
414,2,0,0.334106,0.000000,1179.379000
415,0,0,0.500855,0.000000,1181.269000
416,1,1,0.970093,0.000000,1183.678000
417,2,2,0.367676,0.000000,1185.467000
418,0,1,0.920898,0.000000,1187.844000
419,1,1,0.049805,0.000000,1189.532000
420,2,0,0.736084,0.000000,1191.690000
421,0,1,0.937500,0.000000,1194.016000
422,1,1,0.267334,0.000000,1195.921000
423,2,0,0.852051,0.000000,1198.194000
424,0,0,0.669312,0.000000,1200.253000
425,1,2,0.567261,0.000000,1202.260000
426,2,0,0.652710,0.000000,1204.318000
427,0,0,1.338013,0.000000,1207.044000
428,1,1,0.502197,0.000000,1209.000000
429,2,2,0.267212,0.000000,1210.690000
430,0,0,0.619019,0.000000,1212.763000
431,1,2,2.643188,0.000000,1216.845000
432,2,1,0.718994,0.000000,1218.968000
433,1,2,0.469360,0.000000,1221.077000
434,1,1,0.451904,0.000000,1222.932000
435,2,0,0.869995,0.000000,1225.224000
436,0,0,0.650879,0.000000,1227.264000
437,1,1,0.669556,0.000000,1229.388000
438,2,2,0.215820,0.000000,1231.027000
439,0,1,0.769775,0.000000,1233.252000
440,1,1,0.116943,0.000000,1235.008000
441,2,0,0.551880,0.000000,1236.981000
442,0,1,0.918701,0.000000,1239.289000
443,1,0,0.835815,0.000000,1241.764000
444,2,1,0.383789,0.000000,1243.538000
445,0,0,0.234009,0.000000,1245.410000
446,1,1,0.484497,0.000000,1247.351000
447,2,2,0.183838,0.000000,1248.957000
448,0,0,2.173706,0.000000,1252.586000
449,1,1,0.919312,0.000000,1254.944000
450,2,2,0.518311,0.000000,1256.884000
451,1,1,0.752686,0.000000,1259.092000
452,1,0,0.517578,0.000000,1261.031000
453,2,1,0.434448,0.000000,1262.855000
454,1,0,0.434815,0.000000,1264.929000
455,1,1,0.250366,0.000000,1266.568000
456,2,0,0.351196,0.000000,1268.341000
457,0,0,1.036377,0.000000,1270.766000
458,1,1,0.467285,0.000000,1272.673000
459,2,2,2.859863,0.000000,1276.954000
460,0,1,0.483887,0.000000,1278.894000
461,1,1,1.154419,0.000000,1281.688000
462,2,0,0.417236,0.000000,1283.526000
463,0,0,1.036865,0.000000,1285.952000
464,1,1,0.819580,0.000000,1288.227000
465,2,0,1.253540,0.000000,1290.903000
466,1,1,0.518799,0.000000,1292.810000
467,1,0,0.719116,0.000000,1294.951000
468,2,0,0.552246,0.000000,1296.892000
469,0,0,0.483643,0.000000,1298.764000
470,1,1,0.618164,0.000000,1300.821000
471,2,2,0.535278,0.000000,1302.778000
472,0,1,0.735596,0.000000,1304.969000
473,1,1,0.184082,0.000000,1306.792000
474,2,0,1.137329,0.000000,1309.351000
475,1,0,1.153931,0.000000,1311.893000
476,1,1,0.367798,0.000000,1313.650000
477,2,0,1.137207,0.000000,1316.208000
478,0,0,1.873169,0.000000,1319.470000
479,1,1,0.267944,0.000000,1321.176000
480,2,2,0.234131,0.000000,1322.832000
481,0,1,0.685791,0.000000,1324.972000
482,1,1,0.017578,0.000000,1326.629000
483,2,2,1.788940,0.000000,1329.839000
484,0,1,0.820190,0.000000,1332.114000
485,1,1,0.284546,0.000000,1334.037000
486,2,2,1.739014,0.000000,1337.198000
487,0,1,0.769165,0.000000,1339.422000
488,1,0,1.639038,0.000000,1342.701000
489,2,1,0.351318,0.000000,1344.440000
490,0,1,0.133545,0.000000,1346.213000
491,1,1,0.851318,0.000000,1348.704000
492,2,2,2.256836,0.000000,1352.384000
493,0,1,0.785278,0.000000,1354.625000
494,1,1,0.117188,0.000000,1356.382000
495,2,0,0.634888,0.000000,1358.439000
496,0,1,0.836670,0.000000,1360.664000
497,1,1,0.217163,0.000000,1362.520000
498,2,2,0.451416,0.000000,1364.394000
499,0,1,1.489014,0.000000,1367.337000
500,1,1,0.166870,0.000000,1369.143000
501,2,0,0.585083,0.000000,1371.150000
502,0,0,0.567993,0.000000,1373.107000
503,1,1,0.735596,0.000000,1375.282000
504,2,1,0.466919,0.000000,1377.171000
505,0,0,0.869263,0.000000,1379.680000
506,1,2,0.636597,0.000000,1381.755000
507,2,1,0.384644,0.000000,1383.544000
508,0,0,0.400391,0.000000,1385.584000
509,1,1,0.468140,0.000000,1387.491000
510,2,0,0.868652,0.000000,1389.782000
511,0,1,0.133789,0.000000,1391.304000
512,1,0,0.702393,0.000000,1393.646000
513,2,2,3.444336,0.000000,1398.479000
514,0,1,0.468628,0.000000,1400.403000
515,1,1,0.133789,0.000000,1402.176000
516,2,0,0.887085,0.000000,1404.484000
517,0,1,0.450562,0.000000,1406.323000
518,1,1,0.919556,0.000000,1408.882000
519,2,0,1.003906,0.000000,1411.308000
520,0,1,1.070068,0.000000,1413.766000
521,1,1,0.099976,0.000000,1415.505000
522,2,0,0.919556,0.000000,1417.847000
523,0,1,0.566895,0.000000,1419.803000
524,1,1,0.083008,0.000000,1421.526000
525,2,2,0.635132,0.000000,1423.584000
526,0,0,0.885864,0.000000,1425.925000
527,1,1,1.806274,0.000000,1429.170000
528,2,2,1.387939,0.000000,1431.980000
529,0,1,0.701294,0.000000,1434.137000
530,1,1,0.083008,0.000000,1435.859000
531,2,2,0.684448,0.000000,1437.967000
532,0,1,0.753418,0.000000,1440.176000
533,1,1,0.100098,0.000000,1441.914000
534,2,0,0.501831,0.000000,1443.839000
535,1,1,0.450806,0.000000,1445.677000
536,1,2,0.451294,0.000000,1447.551000
537,2,1,0.567993,0.000000,1449.524000
538,0,1,0.117310,0.000000,1451.280000
539,1,0,0.919922,0.000000,1453.839000
540,2,1,0.417481,0.000000,1455.645000
541,0,1,0.451172,0.000000,1457.736000
542,1,1,0.887085,0.000000,1460.262000
543,2,0,0.620361,0.000000,1462.303000
544,0,1,0.502197,0.000000,1464.192000
545,1,1,0.049927,0.000000,1465.882000
546,2,0,0.852417,0.000000,1468.156000
547,1,1,1.170410,0.000000,1470.715000
548,1,2,1.287842,0.000000,1473.424000
549,2,1,0.383057,0.000000,1475.214000
550,0,1,0.234253,0.000000,1477.088000
551,1,0,3.963745,0.000000,1482.690000
552,2,1,0.334717,0.000000,1484.414000
553,0,0,0.301880,0.000000,1486.354000
554,1,1,0.434692,0.000000,1488.226000
555,2,2,0.302368,0.000000,1489.950000
556,0,1,0.669434,0.000000,1492.074000
557,1,1,0.200195,0.000000,1493.913000
558,2,0,0.885742,0.000000,1496.220000
559,0,0,1.338867,0.000000,1498.948000
560,1,1,0.968994,0.000000,1501.355000
561,2,2,0.467407,0.000000,1503.245000
562,0,1,0.282715,0.000000,1504.985000
563,1,0,0.016724,0.000000,1506.641000
564,2,1,0.317627,0.000000,1508.348000
565,0,1,0.133789,0.000000,1510.119000
566,1,1,0.268189,0.000000,1512.026000
567,2,0,0.986694,0.000000,1514.435000
568,0,0,0.636475,0.000000,1516.459000
569,1,1,0.535278,0.000000,1518.432000
570,2,1,1.186768,0.000000,1521.041000
571,0,1,0.402588,0.000000,1523.082000
572,1,0,0.100464,0.000000,1524.821000
573,2,1,0.367554,0.000000,1526.577000
574,0,2,0.435059,0.000000,1528.651000
575,1,0,0.785034,0.000000,1530.842000
576,2,1,0.267578,0.000000,1532.498000
577,1,1,0.518921,0.000000,1534.655000
578,1,2,1.438965,0.000000,1537.516000
579,2,1,0.518066,0.000000,1539.438000
580,0,1,0.266968,0.000000,1541.345000
581,1,1,0.334106,0.000000,1543.319000
582,2,2,1.421509,0.000000,1546.162000
583,1,1,0.534424,0.000000,1548.152000
584,1,0,1.286743,0.000000,1550.862000
585,2,1,0.317505,0.000000,1552.568000
586,0,1,0.383789,0.000000,1554.591000
587,1,1,0.033813,0.000000,1556.264000
588,2,0,0.935791,0.000000,1558.622000
589,0,1,0.484741,0.000000,1560.496000
590,1,1,1.873047,0.000000,1564.008000
591,2,2,0.836182,0.000000,1566.266000
592,0,1,0.736450,0.000000,1568.458000
593,1,1,0.601563,0.000000,1570.698000
594,2,2,1.872803,0.000000,1573.992000
595,0,1,0.535889,0.000000,1575.983000
596,1,0,1.604980,0.000000,1579.228000
597,2,1,0.603394,0.000000,1581.219000
598,0,2,0.183838,0.000000,1583.042000
599,1,1,1.287354,0.000000,1585.733000
600,2,2,1.940063,0.000000,1589.095000
601,0,1,0.869385,0.000000,1591.420000
602,1,1,0.234375,0.000000,1593.294000
603,2,2,1.404663,0.000000,1596.120000
604,0,1,0.701904,0.000000,1598.278000
605,1,1,0.217041,0.000000,1600.134000
606,2,2,1.771362,0.000000,1603.328000
607,0,1,0.852905,0.000000,1605.637000
608,1,1,0.117432,0.000000,1607.393000
609,2,2,1.338013,0.000000,1610.152000
610,0,1,2.240601,0.000000,1613.849000
611,1,1,0.518921,0.000000,1616.007000
612,2,2,1.087524,0.000000,1618.515000
613,1,1,1.738647,0.000000,1621.709000
614,1,2,1.054199,0.000000,1624.185000
615,2,1,0.517944,0.000000,1626.108000
616,0,2,0.216919,0.000000,1627.965000
617,1,1,1.087402,0.000000,1630.457000
618,2,2,1.320679,0.000000,1633.200000
619,0,1,0.718628,0.000000,1635.374000
620,1,2,0.969849,0.000000,1637.983000
621,2,1,0.500977,0.000000,1639.890000
622,1,1,0.418579,0.000000,1641.947000
623,1,2,2.608643,0.000000,1645.978000
624,2,1,0.350952,0.000000,1647.734000
625,0,2,0.484619,0.000000,1649.858000
626,1,1,0.601929,0.000000,1651.865000
627,2,0,1.238403,0.000000,1654.525000
628,0,1,0.685181,0.000000,1656.598000
629,1,1,0.099854,0.000000,1658.338000
630,2,2,0.686523,0.000000,1660.447000
631,0,1,1.504883,0.000000,1663.405000
632,1,1,0.184448,0.000000,1665.229000
633,2,2,1.202881,0.000000,1667.853000
634,1,2,0.752930,0.000000,1670.062000
635,1,1,0.384033,0.000000,1671.851000
636,2,2,1.254028,0.000000,1674.528000
637,0,1,1.471802,0.000000,1677.454000
638,1,1,0.116577,0.000000,1679.210000
639,2,2,1.187012,0.000000,1681.819000
640,0,1,0.752197,0.000000,1684.027000
641,1,2,3.060303,0.000000,1688.728000
642,2,1,0.334717,0.000000,1690.467000
643,1,1,0.500488,0.000000,1692.608000
644,1,0,1.154175,0.000000,1695.184000
645,2,1,0.334595,0.000000,1696.906000
646,0,2,0.033569,0.000000,1698.579000
647,1,1,0.619019,0.000000,1700.602000
648,2,2,1.069580,0.000000,1703.094000
649,0,1,1.020996,0.000000,1705.570000
650,1,2,0.868042,0.000000,1708.079000
651,2,1,0.435059,0.000000,1709.918000
652,0,0,0.467529,0.000000,1712.025000
653,1,1,0.884888,0.000000,1714.349000
654,2,2,0.819336,0.000000,1716.592000
655,0,1,1.303833,0.000000,1719.350000
656,1,1,0.418701,0.000000,1721.409000
657,2,0,0.751099,0.000000,1723.582000
658,0,2,0.432983,0.000000,1725.405000
659,1,1,0.383179,0.000000,1727.194000
660,2,0,0.669922,0.000000,1729.287000
661,1,1,0.434448,0.000000,1731.108000
662,1,0,0.920776,0.000000,1733.451000
663,2,1,0.317871,0.000000,1735.156000
664,0,1,0.334961,0.000000,1737.130000
665,1,2,0.234497,0.000000,1739.003000
666,2,1,0.469238,0.000000,1740.877000
667,0,1,0.183472,0.000000,1742.699000
668,1,0,0.234985,0.000000,1744.572000
669,2,1,2.342529,0.000000,2000.350000
670,0,1,0.700928,0.000000,2002.691000
671,1,1,0.066650,0.000000,2004.398000
672,2,2,1.539307,0.000000,2007.359000
673,0,1,1.520508,0.000000,2010.334000
674,1,1,0.165283,0.000000,2012.141000
675,2,2,0.752197,0.000000,2014.316000
676,0,1,1.656250,0.000000,2017.427000
677,1,1,0.167236,0.000000,2019.233000
678,2,2,0.568359,0.000000,2021.223000
679,0,1,1.003662,0.000000,2023.682000
680,1,1,0.116943,0.000000,2025.437000
681,2,2,0.535156,0.000000,2027.395000
682,0,1,0.635498,0.000000,2029.485000
683,1,1,0.081543,0.000000,2031.208000
684,2,2,0.351074,0.000000,2032.981000
685,0,0,1.923584,0.000000,2036.360000
686,1,1,1.304443,0.000000,2039.102000
687,2,2,0.619873,0.000000,2041.143000
688,0,1,0.534912,0.000000,2043.133000
689,1,0,0.451172,0.000000,2045.224000
690,2,1,0.451416,0.000000,2047.064000
691,0,1,0.367676,0.000000,2049.070000
692,1,1,0.082275,0.000000,2050.792000
693,2,0,0.920166,0.000000,2053.135000
694,1,1,0.953613,0.000000,2055.477000
695,1,2,0.768799,0.000000,2057.667000
696,2,2,1.420654,0.000000,2060.493000
697,0,1,0.433838,0.000000,2062.383000
698,1,1,0.099854,0.000000,2064.123000
699,2,2,1.404541,0.000000,2066.950000
700,0,1,1.806396,0.000000,2070.211000
701,1,1,0.182861,0.000000,2072.033000
702,2,2,0.635254,0.000000,2074.091000
703,0,1,3.109619,0.000000,2078.656000
704,1,1,0.133545,0.000000,2080.430000
705,2,2,1.855713,0.000000,2083.709000
706,0,1,0.802246,0.000000,2085.966000
707,1,2,0.334473,0.000000,2087.939000
708,2,2,0.501465,0.000000,2089.846000
709,0,1,1.656738,0.000000,2092.958000
710,1,2,0.718506,0.000000,2095.316000
711,2,1,0.970215,0.000000,2097.690000
712,1,1,0.284424,0.000000,2099.614000
713,1,2,0.567871,0.000000,2101.604000
714,2,2,0.785645,0.000000,2103.795000
715,0,1,2.993164,0.000000,2108.244000
716,1,1,0.301270,0.000000,2110.184000
717,2,2,0.552246,0.000000,2112.159000
718,0,1,0.534180,0.000000,2114.148000
719,1,2,1.405273,0.000000,2117.192000
720,2,1,0.569824,0.000000,2119.167000
721,0,1,0.216309,0.000000,2121.021000
722,1,1,2.139160,0.000000,2124.802000
723,2,2,0.420410,0.000000,2126.645000
724,0,1,1.171387,0.000000,2129.268000
725,1,1,0.316895,0.000000,2131.224000
726,2,2,0.735840,0.000000,2133.383000
727,0,0,1.689209,0.000000,2136.526000
728,1,1,0.668457,0.000000,2138.634000
729,2,2,1.303467,0.000000,2141.359000
730,0,0,1.421387,0.000000,2144.236000
731,1,1,0.786377,0.000000,2146.461000
732,2,2,0.752441,0.000000,2148.636000
733,0,0,1.805176,0.000000,2151.896000
734,1,1,0.584961,0.000000,2153.920000
735,2,2,0.736084,0.000000,2156.079000
736,1,1,2.442383,0.000000,2159.975000
737,1,0,0.601074,0.000000,2161.999000
738,2,1,0.534424,0.000000,2163.922000
739,1,1,0.652100,0.000000,2166.214000
740,1,0,0.903320,0.000000,2168.538000
741,2,0,0.851563,0.000000,2170.779000
742,0,1,0.450684,0.000000,2172.618000
743,1,1,0.067139,0.000000,2174.325000
744,2,2,0.802490,0.000000,2176.550000
745,1,0,0.668945,0.000000,2178.674000
746,1,1,0.433594,0.000000,2180.496000
747,2,2,0.484375,0.000000,2182.402000
748,0,0,1.119385,0.000000,2184.979000
749,1,1,0.451172,0.000000,2186.869000
750,2,2,0.417236,0.000000,2188.708000
751,0,1,1.454834,0.000000,2191.619000
752,1,1,0.451172,0.000000,2193.709000
753,2,0,0.786133,0.000000,2195.917000
754,0,1,0.970947,0.000000,2198.277000
755,1,1,0.400635,0.000000,2200.315000
756,2,2,0.350098,0.000000,2202.088000
757,1,1,1.689453,0.000000,2205.233000
758,1,2,1.120361,0.000000,2207.776000
759,2,1,0.735352,0.000000,2209.916000
760,0,1,0.701416,0.000000,2212.257000
761,1,1,0.133301,0.000000,2214.031000
762,2,2,0.585205,0.000000,2216.037000
763,0,0,0.602539,0.000000,2218.095000
764,1,1,0.367432,0.000000,2219.918000
765,2,2,0.218506,0.000000,2221.558000
766,0,0,1.805908,0.000000,2224.818000
767,1,1,0.635498,0.000000,2226.893000
768,2,2,0.300781,0.000000,2228.615000
769,0,0,1.036377,0.000000,2231.107000
770,1,1,0.217285,0.000000,2232.763000
771,2,2,0.100830,0.000000,2234.285000
772,0,1,0.317139,0.000000,2236.057000
773,1,1,2.741943,0.000000,2240.438000
774,2,0,0.451904,0.000000,2242.313000
775,0,0,1.237549,0.000000,2244.938000
776,1,1,0.350586,0.000000,2246.727000
777,2,2,0.234375,0.000000,2248.384000
778,1,1,0.450928,0.000000,2250.291000
779,1,0,1.338135,0.000000,2253.051000
780,2,1,0.218018,0.000000,2254.656000
781,1,1,0.501465,0.000000,2256.797000
782,1,0,2.257813,0.000000,2260.476000
783,2,1,0.484619,0.000000,2262.349000
784,1,1,0.483643,0.000000,2264.474000
785,1,2,1.337646,0.000000,2267.233000
786,2,2,0.953613,0.000000,2269.592000
787,0,0,1.286621,0.000000,2272.333000
788,1,1,0.283936,0.000000,2274.057000
789,2,2,0.552734,0.000000,2276.031000
790,1,1,0.919190,0.000000,2278.405000
791,1,0,0.568359,0.000000,2280.396000
792,2,1,0.233887,0.000000,2282.018000
793,0,1,0.785400,0.000000,2284.443000
794,1,1,2.541748,0.000000,2288.624000
795,2,0,0.451416,0.000000,2290.498000
796,0,1,1.121094,0.000000,2293.007000
797,1,1,1.755859,0.000000,2296.401000
798,2,2,0.519531,0.000000,2298.343000
799,0,1,0.433838,0.000000,2300.231000
800,1,1,2.224121,0.000000,2304.095000
801,2,0,1.120605,0.000000,2306.638000
802,0,1,0.417725,0.000000,2308.444000
803,1,1,2.173584,0.000000,2312.257000
804,2,2,0.367432,0.000000,2314.047000
805,0,0,1.305420,0.000000,2316.808000
806,1,1,0.365479,0.000000,2318.612000
807,2,2,0.250732,0.000000,2320.285000
808,0,2,0.484131,0.000000,2322.226000
809,1,1,0.568604,0.000000,2324.199000
810,2,2,0.935791,0.000000,2326.558000
811,0,0,1.054443,0.000000,2329.066000
812,1,1,0.702393,0.000000,2331.206000
813,2,2,0.919434,0.000000,2333.548000
814,1,1,1.470947,0.000000,2336.475000
815,1,0,0.953125,0.000000,2338.850000
816,2,1,0.334473,0.000000,2340.573000
817,0,1,0.484131,0.000000,2342.697000
818,1,1,0.100342,0.000000,2344.437000
819,2,2,0.685059,0.000000,2346.543000
820,0,1,0.552002,0.000000,2348.551000
821,1,0,0.416992,0.000000,2350.607000
822,2,2,0.885986,0.000000,2352.882000
823,0,1,0.301025,0.000000,2354.639000
824,1,2,0.751953,0.000000,2357.031000
825,2,2,0.768799,0.000000,2359.204000
826,0,1,0.401367,0.000000,2361.061000
827,1,1,0.100098,0.000000,2362.801000
828,2,2,1.037109,0.000000,2365.260000
829,0,0,0.752441,0.000000,2367.466000
830,1,1,0.417969,0.000000,2369.324000
831,2,2,0.450928,0.000000,2371.196000
832,0,0,1.052246,0.000000,2373.705000
833,1,1,0.299805,0.000000,2375.462000
834,2,2,0.968750,0.000000,2377.852000
835,1,0,1.151855,0.000000,2380.461000
836,1,1,0.150635,0.000000,2382.001000
837,2,2,0.333252,0.000000,2383.756000
838,1,1,0.518066,0.000000,2385.731000
839,1,0,1.473389,0.000000,2388.626000
840,2,1,0.468262,0.000000,2390.480000
841,0,2,0.200440,0.000000,2392.321000
842,1,0,0.635986,0.000000,2394.361000
843,2,1,0.502197,0.000000,2396.251000
844,0,2,0.819336,0.000000,2398.709000
845,1,1,1.771973,0.000000,2401.888000
846,2,0,0.668701,0.000000,2403.977000
847,0,1,0.417481,0.000000,2405.783000
848,1,0,1.740723,0.000000,2409.164000
849,2,1,0.201172,0.000000,2410.752000
850,0,1,0.166992,0.000000,2412.558000
851,1,1,0.051514,0.000000,2414.248000
852,2,2,0.568359,0.000000,2416.237000
853,0,0,0.517090,0.000000,2418.211000
854,1,1,0.317139,0.000000,2419.967000
855,2,2,0.266846,0.000000,2421.656000
856,0,0,0.451172,0.000000,2423.563000
857,1,1,0.267822,0.000000,2425.269000
858,2,2,0.033203,0.000000,2426.724000
859,0,1,0.366211,0.000000,2428.546000
860,1,2,2.625488,0.000000,2432.812000
861,2,2,0.768799,0.000000,2434.987000
862,0,1,0.417969,0.000000,2436.860000
863,1,1,0.051025,0.000000,2438.550000
864,2,2,0.603027,0.000000,2440.574000
865,0,0,0.384522,0.000000,2442.412000
866,1,1,0.299316,0.000000,2444.151000
867,2,2,0.952393,0.000000,2446.526000
868,0,0,1.839355,0.000000,2449.821000
869,1,1,0.033936,0.000000,2451.293000
870,2,2,0.116211,0.000000,2452.831000
871,0,0,0.970215,0.000000,2455.257000
872,1,1,0.183350,0.000000,2456.879000
873,2,2,0.182129,0.000000,2458.485000
874,0,0,0.518555,0.000000,2460.459000
875,1,1,2.357422,0.000000,2464.255000
876,2,2,0.851318,0.000000,2466.529000
877,0,0,0.735596,0.000000,2468.720000
878,1,1,0.518555,0.000000,2470.678000
879,2,2,0.869629,0.000000,2472.969000
880,1,0,1.587891,0.000000,2476.012000
881,1,1,0.466553,0.000000,2477.868000
882,2,2,0.635254,0.000000,2479.926000
883,0,0,0.518799,0.000000,2481.901000
884,1,1,0.501221,0.000000,2483.840000
885,2,2,1.169678,0.000000,2486.432000
886,0,0,1.555664,0.000000,2489.444000
887,1,1,0.300293,0.000000,2491.183000
888,2,2,0.249268,0.000000,2492.855000
889,0,1,1.338623,0.000000,2495.650000
890,1,1,0.217773,0.000000,2497.505000
891,2,2,0.618164,0.000000,2499.545000
892,0,0,0.334229,0.000000,2501.335000
893,1,1,0.117188,0.000000,2502.891000
894,2,2,0.601807,0.000000,2504.914000
895,0,0,0.250732,0.000000,2506.620000
896,1,1,1.520752,0.000000,2509.581000
897,2,2,0.031006,0.000000,2511.034000
898,0,0,1.203857,0.000000,2513.695000
899,1,1,2.341553,0.000000,2517.475000
900,2,2,0.082764,0.000000,2518.979000
901,0,0,2.355957,0.000000,2522.792000
902,1,2,0.350586,0.000000,2524.583000
903,2,1,0.534668,0.000000,2526.523000
904,0,0,1.036377,0.000000,2529.199000
905,1,1,0.350342,0.000000,2530.989000
906,2,2,2.174805,0.000000,2534.585000
907,1,1,0.400147,0.000000,2536.440000
908,1,2,0.819580,0.000000,2538.682000
909,2,1,0.351807,0.000000,2540.439000
910,0,2,0.133545,0.000000,2542.211000
911,1,1,0.702393,0.000000,2544.318000
912,2,2,0.702148,0.000000,2546.442000
913,0,0,0.500732,0.000000,2548.399000
914,1,1,0.049561,0.000000,2549.887000
915,2,2,0.703369,0.000000,2552.013000
916,0,1,0.602295,0.000000,2554.070000
917,1,1,0.117188,0.000000,2555.826000
918,2,2,0.184082,0.000000,2557.431000
919,0,1,0.434815,0.000000,2559.321000
920,1,1,1.772461,0.000000,2562.733000
921,2,2,0.217041,0.000000,2564.372000
922,0,0,0.551270,0.000000,2566.379000
923,1,1,0.317871,0.000000,2568.135000
924,2,2,0.249512,0.000000,2569.807000
925,1,0,1.086670,0.000000,2572.350000
926,1,1,0.418701,0.000000,2574.157000
927,2,2,0.634766,0.000000,2576.214000
928,0,1,0.501221,0.000000,2578.169000
929,1,0,0.116943,0.000000,2579.926000
930,2,1,0.349854,0.000000,2581.666000
931,1,0,1.957031,0.000000,2585.262000
932,1,1,0.151367,0.000000,2586.802000
933,2,2,0.217773,0.000000,2588.440000
934,0,0,1.002930,0.000000,2590.898000
935,1,1,0.468018,0.000000,2592.822000
936,2,1,0.182617,0.000000,2594.427000
937,1,2,1.822510,0.000000,2597.888000
938,1,1,0.250488,0.000000,2599.545000
939,2,2,0.251221,0.000000,2601.218000
940,1,0,0.568359,0.000000,2603.241000
941,1,1,2.072510,0.000000,2606.703000
942,2,2,0.401367,0.000000,2608.527000
943,0,0,0.568604,0.000000,2610.551000
944,1,1,0.969971,0.000000,2612.959000
945,2,2,0.199707,0.000000,2614.581000
946,0,0,0.400391,0.000000,2616.438000
947,1,1,0.602783,0.000000,2618.478000
948,2,2,0.283936,0.000000,2620.184000
949,0,0,0.450928,0.000000,2622.090000
950,1,1,0.198975,0.000000,2623.746000
951,2,2,0.233154,0.000000,2625.401000
952,1,0,0.100342,0.000000,2626.958000
953,1,1,0.317871,0.000000,2628.663000
954,2,2,0.468018,0.000000,2630.553000
955,0,0,0.100830,0.000000,2632.109000
956,1,1,1.303711,0.000000,2634.852000
957,2,2,0.115479,0.000000,2636.390000
958,0,0,0.200928,0.000000,2638.046000
959,1,1,0.267090,0.000000,2639.752000
960,2,2,0.250732,0.000000,2641.425000
961,1,0,1.137207,0.000000,2644.017000
962,1,1,0.384766,0.000000,2645.791000
963,2,2,0.937256,0.000000,2648.148000
964,0,0,1.404541,0.000000,2651.008000
965,1,1,0.250977,0.000000,2652.697000
966,2,2,0.184326,0.000000,2654.303000
967,0,0,1.405518,0.000000,2657.163000
968,1,1,0.367676,0.000000,2658.969000
969,2,2,0.468018,0.000000,2660.859000
970,1,0,1.136475,0.000000,2663.452000
971,1,1,0.400879,0.000000,2665.241000
972,2,1,0.585205,0.000000,2667.249000
973,0,2,2.207764,0.000000,2671.095000
974,1,1,0.434570,0.000000,2672.934000
975,2,2,0.217041,0.000000,2674.573000
976,1,0,1.337646,0.000000,2677.367000
977,1,1,0.402344,0.000000,2679.158000
978,2,2,0.301025,0.000000,2680.879000
979,0,1,0.486328,0.000000,2682.821000
980,1,0,1.069336,0.000000,2685.528000
981,2,1,0.434570,0.000000,2687.352000
982,1,1,0.384033,0.000000,2689.375000
983,1,2,0.936523,0.000000,2691.734000
984,2,1,0.486084,0.000000,2693.624000
985,1,1,0.200195,0.000000,2695.464000
986,1,2,0.333252,0.000000,2697.219000
987,2,1,0.618652,0.000000,2699.243000
988,1,1,1.505615,0.000000,2702.388000
989,1,2,0.903320,0.000000,2704.713000
990,2,1,1.237793,0.000000,2707.355000
991,0,1,1.155273,0.000000,2710.149000
992,1,1,1.287354,0.000000,2713.075000
993,2,2,0.583496,0.000000,2715.082000
994,0,0,0.820068,0.000000,2717.358000
995,1,1,0.083496,0.000000,2718.879000
996,2,2,0.133057,0.000000,2720.434000
997,0,0,0.584229,0.000000,2722.474000
998,1,1,0.351318,0.000000,2724.281000
999,2,1,0.954590,0.000000,2726.657000
1000,0,1,0.718750,0.000000,2729.014000
